0.35
0.454
0.55
0.536
0.476
0.391
0.295
0.223
0.246
0.208
0.273
0.436
0.877
0.945
0.968
0.933
0.896
0.907
0.812
0.723
0.582
0.389
0.427
0.429
0.671
0.787
0.887
0.87
0.841
0.766
0.65
0.494
0.375
0.251
0.21
0.164
0.291
0.344
0.493
0.501
0.422
0.331
0.24
0.249
0.254
0.347
0.491
0.688
0.763
0.792
0.922
0.931
0.917
0.81
0.725
0.653
0.503
0.369
0.343
0.377
0.547
0.956
0.993
0.955
0.89
0.819
0.717
0.602
0.497
0.382
0.267
0.327
0.393
0.372
0.385
0.295
0.254
0.238
0.197
0.172
0.15
0.244
0.327
0.521
0.792
0.962
0.985
0.978
0.928
0.857
0.762
0.659
0.57
0.47
0.409
0.624
0.903
0.934
0.969
0.959
0.936
0.952
0.907
0.757
0.6
0.488
0.413
0.422
0.496
0.62
